32
16
618360
6754408
1
-9999
95.7 98.2579 102.195 104.46 107.86 106.635 105.86 106.327 105.167 105.02 105.205 105.565 104.333 103.816 103.598 104.195 
96.8988 95.73 102.32 102.706 103.68 103.382 106.44 104.918 104.497 104.722 104.706 104.19 104.215 103.72 102.41 102.593
99.3761 102.425 100.971 97.9606 96.13 105.13 104.587 104.015 104.39 104.205 104.025 104.52 103.915 103.53 99.9267 101.352
100.716 102.25 102.365 100.011 96.19 104.05 104.113 103.75 103.76 104.064 104.35 103.627 104.24 101.8 99.6833 100.59
101.075 101.004 102.373 103.83 103.893 102.758 104.053 103.88 103.794 103.745 104.255 102.217 101.157 100.652 99.295 98.995
104.32 102.785 103.196 103.877 104.063 104.372 104.551 104.635 104.096 102.995 102.75 101.977 100.97 99.65 99.3983 100.105
103.876 104.24 104.355 103.71 103.9 105.38 104.65 104.84 104.535 103.17 102.097 101.708 100.374 99.16 98.9967 97.7944
105.465 104.958 105.115 104.355 104.769 106.05 105.935 105.687 104.996 103.35 102.654 101.967 100.229 99.325 98.4843 96.31
103.509 104.771 105.035 105.22 105.112 105.536 105.92 105.85 105.917 104.047 103.005 102.905 99.84 98.97 98.3205 96.3734
104.27 104.355 104.45 104.726 105.033 104.888 105.287 105.5 105.025 103.915 103.574 102.736 103.045 102.883 96.5 96.42
98.7059 101.144 104.27 104.303 104.23 105.075 104.852 104.757 104.424 104.103 103.903 103.893 103.52 102.651 103.05 102.83
95.9851 95.73 98.5675 102.152 103.66 104.02 104.395 103.514 104.012 103.981 104.118 104.51 104.38 103.997 103.569 103.425
95.7835 96.1764 97.3642 98.7574 99.6427 99.9621 99.805 100.936 103.947 103.882 103.795 104.069 104.453 104.152 104.037 103.98
95.8214 95.86 95.966 95.9903 95.9489 95.9507 96.0009 96.6809 97.874 100.184 103.365 103.565 104.008 104.01 104.227 104.586 
95.9301 95.99 95.9 95.8715 95.97 96 95.9809 96.0475 96.1141 96.1807 99.0214 99.3 103.03 101.946 103.835 107.56 
95.9814 95.9683 95.8597 95.8539 95.94 95.9247 95.9805 96.046 96.1126 96.1466 96.06 97.4162 96.1 97.9851 96.33 103.375 
95.9669 95.9341 95.9013 95.8475 95.8868 95.9426 95.9983 96.0508 96.0827 96.0774 96.0721 96.075 96.1587 96.2942 96.3149 97.8901 
95.9326 95.8999 95.8694 95.8873 95.8991 95.9045 95.9494 95.9985 96.0476 96.0638 96.039 96.016 96.0727 96.1825 96.2321 96.2561
95.8984 95.9117 95.9296 98.51 100.688 95.9697 103.82 95.9804 96.17 102.595 96.0449 96.09 96.0016 96.0363 96.079 96.1217
95.954 95.9719 95.9898 98.04 100.032 101.981 104.09 103.7 103.06 102.91 96.0631 96.0669 96.0661 96.2 96.1228 96.1617
96.0142 96.0321 96.05 100.648 102.361 104.075 103.995 103.984 104.245 103.265 100.677 96.1567 96.1641 96.22 96.2318 96.32
96.0744 96.0923 96.1102 98.5942 102.488 104.286 104.818 104.138 102.471 99.8531 96.2068 96.2285 96.33 96.2068 96.2437 96.2955
96.1346 96.1525 96.1704 98.595 104.17 104.255 104.571 104.075 103.3 96.39 96.42 96.2876 96.2501 96.0942 96.1297 96.1864
96.0547 96.1543 96.2306 99.3039 103.543 104.645 105.085 103.441 100.92 96.3287 96.3416 96.355 96.2679 96.112 96.04 96.0773
95.9663 98.545 96.1655 104.08 104.537 104.8 104.1 103.32 98.5368 96.43 96.3714 96.3472 96.36 96.1298 95.9739 96.0085
95.8778 98.0935 102.66 102.54 104.655 104.254 102.823 99.8139 96.5 96.47 96.4012 96.377 96.2819 96.0982 95.9284 96.03
95.7893 97.6228 100.49 103.595 104.13 104.15 103.34 96.4858 96.4368 96.373 96.3092 96.23 96.0807 95.9306 95.8442 95.95
95.7008 95.62 98.0498 101.302 105.443 103.113 100.704 102.895 96.4238 96.4048 96.44 96.31 95.956 95.8117 95.96 95.952
95.6123 95.7044 95.7769 97.0521 95.71 95.77 97.6499 96.1766 96.2699 96.3333 96.2753 96.0757 95.9118 95.92 96.04 96.0059
95.6044 95.6081 95.6118 95.6763 95.7489 95.8361 95.905 95.966 96.0269 96.0879 96.1489 96.0711 96 95.8355 96.0359 96.0357
95.73 95.6711 95.6748 95.6648 95.6576 95.6914 95.7253 95.7591 95.7929 95.8425 95.9035 95.9644 95.92 95.7539 95.7989 95.8439
95.7305 95.7057 95.6722 95.6387 95.725 95.6952 95.729 95.7628 95.7966 95.8304 95.8643 95.8937 95.9061 95.7706 95.765 95.7595


